100 100 172 100 0 0 0
172 100 100 100 0 0 0
100 100 78 168 0 0 0
78 168 137 212 0 0 0
137 212 197 168 0 0 0
197 168 137 212 0 0 0
137 212 135 257 0 0 0
135 257 188 241 0 0 0
188 241 225 190 0 0 0
225 190 197 168 0 0 0
197 168 172 100 0 0 0
172 100 187 88 0 0 0
187 88 172 100 0 0 0
172 100 197 168 0 0 0
197 168 225 190 0 0 0
225 190 218 140 0 0 0
218 140 225 190 0 0 0
225 190 188 241 0 0 0
188 241 162 219 0 0 0
162 219 180 161 0 0 0
180 161 218 140 0 0 0
218 140 187 88 0 0 0
187 88 131 81 0 0 0
131 81 187 88 0 0 0
187 88 218 140 0 0 0
218 140 180 161 0 0 0
180 161 130 126 0 0 0
130 126 180 161 0 0 0
180 161 162 219 0 0 0
162 219 100 219 0 0 0
100 219 82 161 0 0 0
82 161 130 126 0 0 0
130 126 131 81 0 0 0
131 81 80 88 0 0 0
80 88 131 81 0 0 0
131 81 130 126 0 0 0
130 126 82 161 0 0 0
82 161 48 140 0 0 0
48 140 82 161 0 0 0
82 161 100 219 0 0 0
100 219 80 241 0 0 0
80 241 44 190 0 0 0
44 190 48 140 0 0 0
48 140 80 88 0 0 0
80 88 100 100 0 0 0
100 100 80 88 0 0 0
80 88 48 140 0 0 0
48 140 44 190 0 0 0
44 190 78 168 0 0 0
78 168 44 190 0 0 0
44 190 80 241 0 0 0
80 241 135 257 0 0 0
135 257 137 212 0 0 0
137 212 78 168 0 0 0
78 168 100 100 0 0 0
