257
293
331
367
409
461
521
587
653
739
827
929
1049
1181
1321
1487
1693
1879
2113
2377
2677
3011
3389
3821
4283
4813
5417
6091
6857
7717
8677
9767
10973
12343
13901
15629
17573
19777
22247
25031
28151
31663
35671
40087
45083
50723
57059
64187
72211
81239
91393
102829
115663
130121
146389
164683
185291
208433
234499
263803
296767
333857
375593
422537
475367
534799
601631
676829
761429
856627
963689
1084133
1219649
1372109
1543631
1736599
1953659
2197847
2472577
2781677
3129383
3520519
3960587
4455667
5012627
5639191
6344087
7137101
8029243
9032887
10161997
11432249
12861281
14468933
16277561
18312263
20601271
23176429
26073497
29332687
32999269
37124167
41764741
46985261
52858427
59465723
66898963
75261311
84668971
95252603
107159153
120554059
135623317
152576233
171648317
193104269
217242323
244397591
274947317
309315703
347980163
391477727
440412409
495463937
557396929
627071569
705455519
793637437
892842107
1004447359
1130003291
1271253703
1430160409
1608930451
1810046779
2036302607
